93s:0.002968
63s:0.002904
84s:0.003028
A6s:0.003043
Q2s:0.002958
42s:0.002890
ATs:0.003098
A8s:0.003101
55o:0.004457
95o:0.009103
62s:0.002903
72s:0.002902
54s:0.002958
88o:0.004638
83s:0.002969
Q6s:0.003038
K4s:0.003030
74s:0.002968
52o:0.008690
J3o:0.008893
KJs:0.003096
74o:0.008902
62o:0.008698
T2s:0.002966
J4s:0.003028
AJo:0.009297
86s:0.003034
J9o:0.009264
J5o:0.009100
T6s:0.003038
85s:0.003034
J8o:0.009268
43o:0.008688
64s:0.002966
A9o:0.009288
AKo:0.009309
72o:0.008706
Q3o:0.008898
KJo:0.009282
J4o:0.009069
Q8o:0.009275
Q2o:0.008871
T4s:0.003031
Q7o:0.009114
73s:0.002911
98o:0.009264
J8s:0.003090
32o:0.008484
K9s:0.003094
T3s:0.002966
KKo:0.004651
52s:0.002895
44o:0.004436
K5o:0.009106
22o:0.004226
75s:0.002974
87s:0.003033
98s:0.003088
A4o:0.009100
94s:0.003021
QTo:0.009278
JJo:0.004633
K3s:0.002969
K8s:0.003094
JTo:0.009272
53o:0.008725
A5s:0.003041
97s:0.003034
93o:0.008893
QQo:0.004636
T4o:0.009082
A2s:0.002963
96s:0.003033
K9o:0.009282
Q3s:0.002967
87o:0.009117
92s:0.002958
KQo:0.009278
97o:0.009107
42o:0.008661
Q4o:0.009078
54o:0.008893
T5o:0.009107
J9s:0.003090
A8o:0.009298
43s:0.002893
K2o:0.008877
T2o:0.008872
K4o:0.009075
J7o:0.009120
J5s:0.003033
A7o:0.009139
Q5s:0.003035
T6o:0.009119
82s:0.002961
K7o:0.009119
QJo:0.009273
95s:0.003033
KTo:0.009287
K6s:0.003035
A2o:0.008892
Q5o:0.009108
Q4s:0.003027
Q9o:0.009270
75o:0.008934
83o:0.008889
86o:0.009106
32s:0.002828
Q7s:0.003043
K2s:0.002958
K6o:0.009122
94o:0.009065
65o:0.008928
K7s:0.003041
99o:0.004633
84o:0.009083
T9o:0.009277
Q8s:0.003095
66o:0.004467
ATo:0.009302
64o:0.008899
A7s:0.003042
A3s:0.002974
A5o:0.009119
96o:0.009102
76s:0.002978
T9s:0.003090
A9s:0.003102
J3s:0.002965
K3o:0.008900
76o:0.008941
QJs:0.003093
82o:0.008868
AAo:0.004658
K8o:0.009277
65s:0.002975
T8s:0.003098
Q9s:0.003091
T3o:0.008908
KQs:0.003095
K5s:0.003036
JTs:0.003094
AJs:0.003093
J6s:0.003036
63o:0.008725
77o:0.004476
T7o:0.009118
J2s:0.002955
KTs:0.003097
92o:0.008863
A4s:0.003035
33o:0.004257
Q6o:0.009109
73o:0.008739
AKs:0.003104
T5s:0.003040
A6o:0.009134
A3o:0.008921
QTs:0.003094
TTo:0.004640
T8o:0.009276
AQo:0.009294
AQs:0.003103
T7s:0.003040
85o:0.009098
J7s:0.003035
J2o:0.008870
53s:0.002905
J6o:0.009110
