95s:0.001102
42s:0.001103
84s:0.001103
K8s:0.002791
53o:0.003301
44o:0.004122
A6s:0.002789
62o:0.003310
42o:0.003312
K4s:0.001115
Q6s:0.001954
K7s:0.002785
43o:0.003304
Q5s:0.001950
A7o:0.008371
76o:0.008235
QJs:0.005667
T6s:0.001114
85s:0.002748
J8o:0.016785
K8o:0.016769
J8s:0.002795
32o:0.003320
76s:0.005487
QJo:0.016979
KJo:0.016979
Q4o:0.008369
54o:0.008235
52o:0.003309
TTo:0.008503
63s:0.002755
Q7o:0.008371
95o:0.008260
J5s:0.001114
J7o:0.008371
T4o:0.008377
A2s:0.002805
AKo:0.016969
Q6o:0.008352
T9o:0.016818
T8s:0.005600
Q9s:0.004199
65s:0.005476
T2o:0.003368
A3s:0.002796
74s:0.002746
73s:0.001101
98o:0.016596
A6o:0.008358
A3o:0.003356
J2o:0.003363
53s:0.004124
96o:0.008271
A5o:0.008356
J9o:0.016804
AJo:0.016980
86s:0.004125
T9s:0.005614
QTo:0.016998
JJo:0.008494
K3s:0.001119
JTo:0.017000
T5s:0.001115
J4o:0.008375
Q8o:0.016778
Q2o:0.003367
ATs:0.005668
AJs:0.005667
73o:0.003309
99o:0.008319
43s:0.002755
K2o:0.003361
J3o:0.003360
J9s:0.004201
A8o:0.016775
83o:0.003313
86o:0.008250
ATo:0.016994
K3o:0.003356
A9s:0.002800
J6s:0.001955
K6s:0.001950
KTo:0.016980
T7s:0.002790
85o:0.008253
JTs:0.005675
K5s:0.001950
A7s:0.002788
64o:0.008230
84o:0.008257
87o:0.008258
T7o:0.008376
77o:0.004117
Q8s:0.002791
66o:0.004111
A5s:0.002786
92o:0.003333
KTs:0.005671
94o:0.008280
65o:0.008225
AQo:0.016974
T8o:0.016788
97o:0.008278
K6o:0.008362
63o:0.003302
AAo:0.008488
33o:0.001658
A4s:0.002790
J7s:0.002790
Q3o:0.003359
72o:0.003310
KQs:0.005665
T3o:0.003359
K4o:0.008363
J6o:0.008361
AKs:0.005655
64s:0.004113
A9o:0.016809
A2o:0.003366
98s:0.005533
87s:0.005508
A4o:0.008365
QTs:0.005669
32s:0.001108
K2s:0.001120
Q7s:0.002788
K9s:0.004193
K9o:0.016800
96s:0.002756
97s:0.004141
QQo:0.008494
93o:0.003318
54s:0.005492
82o:0.003326
KQo:0.016985
A8s:0.002796
T6o:0.008375
K7o:0.008364
KKo:0.008478
T5o:0.008364
AQs:0.005660
55o:0.004113
J5o:0.008364
K5o:0.008358
22o:0.001663
Q4s:0.001116
75o:0.008217
Q9o:0.016811
KJs:0.005663
74o:0.008237
88o:0.008281
Q5o:0.008351
75s:0.004117
